400 431
399 430
398 430
397 430
396 429
395 429
394 429
393 428
392 428
391 427
390 427
389 427
388 427
387 426
386 426
385 425
384 424
383 423
382 423
381 423
380 423
379 423
378 423
377 422
376 422
375 422
374 422
373 422
372 422
371 422
370 422
369 422
368 422
367 421
366 421
365 421
364 421
363 421
362 421
361 420
360 420
359 420
358 420
357 419
356 419
355 419
354 418
353 417
352 416
351 415
350 415
349 414
348 413
347 413
346 412
345 412
344 411
343 410
342 409
341 408
340 407
340 406
339 405
339 404
339 403
338 402
338 401
337 400
336 399
335 398
334 397
334 396
333 395
333 394
332 393
331 392
330 391
329 390
328 389
327 388
326 388
325 387
324 387
323 386
322 386
321 386
320 386
319 385
318 385
317 385
316 385
315 384
314 384
313 383
312 383
311 383
310 382
309 382
308 382
307 381
306 381
305 381
304 380
303 380
302 380
301 380
300 380
299 380
298 380
297 380
296 380
295 380
294 381
293 380
292 380
291 380
290 380
289 381
288 381
287 381
286 381
285 380
284 380
283 379
282 379
281 379
280 378
279 378
278 377
277 376
276 375
275 374
274 374
273 373
272 372
272 371
272 370
271 369
270 368
269 368
268 367
268 366
267 365
266 364
265 363
264 362
264 361
263 360
262 359
261 358
260 358
259 357
259 356
258 355
257 354
256 353
256 352
255 351
254 350
253 349
253 348
252 347
252 346
251 345
250 344
250 343
249 342
249 341
249 340
248 339
248 338
248 337
248 336
248 335
247 334
247 333
247 332
247 331
247 330
247 329
246 328
246 327
246 326
246 325
246 324
246 323
246 322
246 321
246 320
246 319
245 318
245 317
244 316
244 315
243 314
242 313
242 312
241 311
240 310
239 309
239 308
238 307
237 306
237 305
236 304
236 303
235 302
234 301
234 300
233 299
232 298
231 297
230 296
230 295
229 294
228 293
227 292
226 291
225 290
224 289
223 289
222 288
221 288
220 287
219 286
218 286
217 285
216 284
215 284
214 283
213 282
212 282
211 281
210 281
209 280
208 279
207 278
206 277
205 276
204 275
203 274
203 273
202 272
201 271
201 270
200 269
199 268
198 267
198 266
197 265
197 264
197 263
196 262
196 261
195 260
195 259
194 258
194 257
194 256
193 255
193 254
193 253
192 252
192 251
192 250
192 249
192 248
192 247
192 246
192 245
192 244
192 243
192 242
193 241
193 240
193 239
193 238
193 237
194 236
194 235
194 234
194 233
194 232
195 231
195 230
195 229
195 228
195 227
195 226
195 225
195 224
195 223
195 222
195 221
195 220
195 219
195 218
195 217
195 216
195 215
195 214
195 213
195 212
195 211
195 210
195 211
195 212
126 144
127 145
127 146
127 147
127 148
127 149
127 150
127 151
127 152
127 153
127 154
127 155
126 156
125 157
124 158
123 159
123 160
122 161
122 162
121 163
121 164
121 165
121 166
121 167
121 168
120 169
120 170
120 171
119 172
118 172
117 173
116 173
115 174
114 174
113 175
112 175
111 175
110 174
109 174
108 174
107 175
106 175
105 174
104 174
103 173
102 172
101 171
100 170
099 169
098 168
097 168
096 167
095 167
094 166
094 165
093 164
092 163
091 162
090 161
089 160
088 160
087 160
086 159
085 159
084 159
083 159
082 158
081 158
080 157
079 157
078 157
077 156
076 156
075 155
074 154
073 154
072 153
071 153
070 152
070 151
070 150
070 149
070 148
070 147
070 146
070 145
070 144
070 143
070 142
070 141
070 140
070 139
070 138
070 137
071 136
071 135
071 134
071 133
071 132
071 131
070 130
070 129
069 128
068 127
067 127
066 126
065 125
065 124
064 123
063 122
062 121
061 120
060 120
059 119
058 119
057 118
056 118
055 118
054 117
053 117
052 116
051 116
050 116
049 116
048 116
047 116
046 116
045 116
044 116
043 117
042 117
041 118
040 118
039 118
038 119
037 119
036 119
035 119
034 119
033 120
033 121
032 122
031 123
030 124
029 125
029 126
029 127
028 128
028 129
028 130
027 131
027 132
026 133
025 134
024 135
023 136
023 137
023 138
022 139
021 140
021 141
020 142
020 143
020 144
019 145
019 146
019 147
019 148
019 149
019 150
018 151
017 152
016 153
016 154
015 155
015 156
015 157
015 158
015 159
015 160
015 161
015 162
015 163
015 164
015 165
015 166
015 167
015 168
015 169
015 170
015 171
015 172
016 173
016 174
016 175
016 176
017 177
017 178
017 179
018 180
018 181
019 182
019 183
020 184
020 185
021 186
022 187
022 188
023 189
023 190
024 191
024 192
025 193
025 194
025 195
025 196
026 197
026 198
026 199
026 200
026 201
026 202
026 203
026 204
026 205
026 206
025 207
025 208
025 209
025 210
025 211
025 212
025 213
026 214
026 215
027 216
028 217
029 218
030 219
031 220
032 221
033 221
034 222
035 222
036 222
037 223
038 223
039 223
040 223
041 224
042 224
043 224
044 224
045 224
046 223
047 223
048 223
049 223
050 223
051 223
052 223
053 223
054 223
055 222
056 222
057 222
058 222
059 222
060 223
061 223
062 223
063 224
064 224
065 224
066 224
067 224
068 224
069 224
070 224
071 224
072 224
073 224
074 224
075 224
076 225
077 225
078 225
079 225
080 225
081 225
082 225
083 225
084 226
085 226
086 226
087 226
088 227
089 227
090 227
091 228
092 229
092 230
092 231
092 232
093 233
094 233
095 233
096 233
097 233
098 233
099 233
100 234
101 235
102 236
103 237
104 237
105 238
106 239
107 239
108 240
109 240
110 240
111 241
112 241
113 241
114 242
115 242
116 242
117 242
118 243
119 244
120 245
121 246
122 246
123 246
124 246
125 245
126 245
127 244
128 244
129 243
130 242
131 241
132 240
133 239
134 238
135 237
136 236
136 235
137 234
137 233
138 232
139 231
140 230
141 229
142 228
143 227
144 226
145 225
145 224
146 223
147 222
147 221
147 220
147 219
147 218
147 217
148 216
148 215
148 214
148 213
148 212
148 211
149 210
149 209
149 208
149 207
150 206
150 205
150 204
150 203
150 202
151 201
151 200
151 199
151 198
151 197
151 196
151 195
152 194
152 193
152 192
153 191
153 190
153 189
154 188
155 187
156 187
157 186
158 185
159 184
160 184
161 183
162 183
163 183
164 182
165 182
166 182
167 182
168 182
169 182
170 182
171 182
172 182
173 182
